0
10	11	24	26
66	74	82	83
147	152	154	155
202	209	218	219
265	267	281	282
336	338	344	347
1
2	3	9	17
66	73	80	88
131	137	154	155
195	202	203	218
272	274	275	282
337	339	346	347
2
4	14	21	23
77	84	86	87
133	148	156	158
204	212	220	221
279	284	285	287
324	333	349	351
3
5	13	21	22
76	78	85	87
140	148	157	159
214	220	221	222
269	270	286	287
324	325	333	340
4
40	41	43	50
97	105	106	114
162	168	169	178
233	234	241	243
289	290	298	305
361	363	369	370
5
32	34	41	58
98	99	107	122
161	162	179	187
226	241	250	251
289	298	305	307
354	361	362	370
6
38	53	54	60
100	101	108	110
166	172	174	180
228	231	244	252
293	295	308	310
356	359	367	372
7
36	39	45	61
101	111	118	124
164	173	181	188
229	230	236	246
294	301	302	303
357	358	365	366
8
11	19	21	28
69	74	78	94
132	133	148	156
203	206	217	220
261	269	273	286
336	338	340	342
9
12	20	27	31
77	84	85	92
130	140	141	152
208	212	221	223
258	269	275	285
324	325	333	341
10
10	22	24	29
77	78	83	93
133	142	150	152
201	205	214	222
259	261	277	283
322	323	334	350
11
32	37	40	60
101	103	104	113
163	165	166	189
225	232	237	252
288	303	310	315
356	358	366	369
12
51	53	59	60
97	98	110	111
163	165	167	179
228	231	251	252
288	307	308	314
357	361	364	365
13
34	35	39	49
97	113	123	124
163	168	177	180
230	232	238	241
292	293	294	317
366	374	380	381
14
3	17	25	32
75	90	106	107
153	154	162	179
195	201	211	243
281	290	298	315
337	347	352	379
15
3	11	18	35
98	105	107	114
154	160	161	178
194	202	209	232
259	267	283	290
323	336	352	360
16
3	24	58	59
66	81	89	91
137	152	168	170
216	226	243	251
274	282	288	289
339	346	354	369
17
14	30	46	53
77	95	108	125
133	141	156	164
221	222	223	253
300	302	309	316
341	350	358	364
18
4	20	28	60
77	85	102	118
132	133	150	167
205	215	229	238
268	278	300	301
334	350	357	364
19
20	28	31	61
87	94	100	125
149	173	175	188
215	246	252	253
261	270	292	316
324	340	366	373
20
10	14	16	34
74	95	110	113
133	142	148	165
209	225	233	237
266	275	278	305
333	367	378	381
21
24	35	58	61
80	81	87	108
153	155	173	188
194	204	220	241
272	276	294	301
338	357	370	378
22
29	38	46	52
69	84	94	97
147	154	156	168
212	225	239	253
267	277	299	300
323	330	357	381
23
21	24	43	49
66	89	100	111
139	172	175	178
197	205	215	244
277	278	287	317
323	333	345	374
24
9	13	34	58
93	95	99	114
145	159	177	178
214	228	231	245
275	289	299	315
346	348	363	378
25
13	24	38	51
69	78	87	88
131	157	180	181
202	203	246	251
268	278	279	317
334	336	354	366
26
13	35	45	61
66	88	90	117
132	165	172	175
205	222	230	242
276	291	302	315
324	339	346	372
27
26	36	51	53
75	78	87	111
139	142	154	186
212	213	243	252
266	273	289	298
331	336	340	358
28
20	38	43	60
102	107	113	114
140	142	169	186
203	217	235	246
274	295	296	309
323	340	342	378
29
3	13	37	53
68	73	87	117
148	150	174	175
218	239	241	252
275	276	282	297
337	354	360	370
30
30	37	47	60
69	81	94	109
170	173	177	188
206	219	229	242
270	278	299	305
346	356	364	371
31
3	27	39	61
66	97	102	111
132	146	149	169
206	218	220	235
286	292	315	317
332	333	353	359
